Gurobi

  0.0 	   0.02	   0.02	   0.02	   0.0 	   0.0 	   0.0 	   0.0 	   0.0 	   0.0
  0.34	   0.42	   0.22	   0.23	   0.3 	   0.2 	   0.33	   0.28	   0.27	   0.39
  0.31	   0.23	   0.2 	   0.17	   0.3 	   0.27	   0.16	   0.14	   0.14	   0.16
  1.33	   1.25	   1.25	   1.27	   1.25	   1.36	   1.25	   1.12	   1.27	   1.81
 15.09	  14.98	  14.66	  14.83	  15.14	  14.97	  14.66	  16.3 	  15.88	  14.55	 
 91.28	  96.72	  89.84	  83.16	  81.62	  82.73	  84.98	  80.5 	  80.28	  82.12
186.8 	 173.42	 183.23	 182.44	 191.64	 189.69	 184.73	 194.27	 198.5 	 193.36
436.75	442.08	449.78	433.11	481.5	451.39	452.77	452.25	444.77	451.38
0.08	0.12	0.02	0.02	0.08	0.02	0.02	0.02	0.02	0.02	0.02	0.06	0.02	0.08	0.02	0.0	0.02	0.0	0.02	0.02	0.08	0.11	0.09	0.19	0.08	0.12	0.05	0.02	0.02	0.03	0.17	0.23	0.14	0.11	0.3	0.14	0.16	0.14	0.31	0.27	0.08	0.3	0.06	0.06	0.08	0.03	0.03	0.03	0.08	0.06	0.03	0.08	0.09	0.08	0.09	0.03	0.02	0.03	0.08	0.06	0.05	0.06	0.06	0.08	0.06	0.03	0.03	0.08	0.08	0.09	0.12	0.08	0.06	0.06	0.06	0.08	0.03	0.06	0.03	0.05	0.09	0.03	0.03	0.03	0.03	0.09	0.08	0.05	0.08	0.09	0.03	0.06	0.05	0.03	0.08	0.06	0.06	0.03	0.06	0.02	0.03	0.05	0.03	0.02	0.05	0.05	0.03	0.08	0.06	0.08	0.06	0.06	0.03	0.05	0.08	0.02	0.02	0.05	0.03	0.05	0.05	0.02	0.05	0.03	0.03	0.03	0.06	0.08	0.06	0.06	0.05	14.86	0.0	0.08	0.12	0.22	0.05	0.03	14.81	