Instance 7
1925540.41 	 101.5
1920272.97 	 187.28
1927711.97 	 96.39
1927578.65 	 94.3
1917454.54 	 105.94
1926480.54 	 93.48
1917742.44 	 94.83
1926367.0 	 94.98
1925547.93 	 122.2
1924619.05 	 99.25

Instance 8
2237442.05 	 173.06
2235472.35 	 176.61
2244127.16 	 165.20
2244194.10 	 211.16
2239514.49 	 264.23
2238218.72 	 260.98
2236764.64 	 271.48
2243367.95 	 251.44
2239089.93 	 252.55
2239876.08 	 276.50

Instance 9
3569119.81 	 673.70
3549934.56 	 700.98
3540416.66 	 1101.70
3563324.36 	 1139.67
3569384.72 	 1106.81
3553436.30 	 1132.62
3548744.79 	 1060.94
3567626.62 	 587.33
3551665.50 	 743.52
3558395.79 	 574.64

Instance 10
4335566.25 	 1560.16

Instance 11
5642284.85 	 2987.38
5638118.39 	 2838.55
5673114.81 	 1638.84
5671548.2 	 2523.12
5687459.96 	 2695.92
