Instance 1
28554.02	0.05
28554.02	0.05
28554.02	0.03
28554.02	0.03
28554.02	0.03
28554.02	0.03
28554.02	0.05
28554.02	0.03
28554.02	0.03
28554.02	0.03

Instance 2
61403.82	0.11
61402.05	0.09
61403.75	0.11
61405.36	0.11
61403.82	0.11
61403.75	0.09
61403.82	0.11
61402.05	0.09
61405.36	0.09
61402.05	0.09

Instance 3
192843.64	0.38
192846.27	0.39
192854.92	0.39
192819.81	0.39
192857.02	0.44
192873.7	0.42
192846.27	0.41
192825.13	0.42
192819.54	0.38
192857.02	0.38

Instance 4
291079.74	1.7
290919.61	1.55
290975.64	5.12
290964.15	1.62
290955.23	1.62
290928.15	1.53
291005.6	2.94
290920.6	5.31
290935.23	5.88
290934.66	4.94

Instance 5
710460.33	16.95
710639.69	16.64
710427.7	16.23
710427.89	15.98
710616.72	22.08
710283.92	19.62
710509.73	15.64
710556.34	15.97
710310.05	15.22
710939.81	15.58

Instance 6
1374550.09	32.44
1374715.11	34.3
1375778.04	31.98
1375900.09	32.66
1375428.87	32.66
1374689.17	32.3
1374584.31	65.14
1374790.32	59.36
1375987.36	32.47
1375064.41	36.62

Instance 7
1912381.4	51.73
1909337.65	45.08
1910216.71	46.94
1909845.04	97.31
1909073.79	30.77
1908701.36	30.72
1909092.16	30.53
1909253.3	30.62
1908625.58	30.92
1910893.46	30.86

Instance 8
2231805.37	44.19
2230661.95	40.55
2231344.37	40.38
2230605.78	39.88
2232022.42	39.8
2230767.42	39.44
2231271.79	40.22
2230880.55	39.39
2231863.59	40.05
2231322.3	39.89

Instance 9
3527865.49	61.45
3539052.73	60.11
3531391.43	59.92
3530455.32	59.84
3534073.66	60.17
3537746.29	59.69
3529434.82	65.84
3529762.36	65.03
3529912.01	64.69
3531222.69	65.34

Instance 10
4297373.66	130.81
4304351.01	122.12
4304498.22	121.25
4326442.3	120.88
4301066.48	87.89
4304770.08	82.94
4305921.2	85.03
4299799.35	93.78
4297695.41	92.91
4298625.42	93.14

Instance 11
5605158.32	196.25
5605168.57	115.34
5616125.21	111.19
5608806.27	112.31
5608678.4	130.78
5607460.43	112.22
5610159.66	112.09
5603535.41	113.3
5604137.46	113.25
5606175.36	111.84

Instance 12
6131129.95	155.17
6128928.7	157.47
6132892.18	154.38
6130154.56	155.81
6129722.87	156.47
6137381.53	156.05
6134690.95	154.44
6129750.29	153.64
6132189.58	228.44
6128955.81	225.86


2251662.38	47.0
2249532.26	46.91
2240388.2	70.22
2244975.38	61.89
2231212.15	58.77
2230665.02	59.8
---
2230924.12	87.2
2230598.33	119.22
2231436.8	84.38
2233075.06	56.95
2264515.18	60.39
2251625.93	109.7
2257490.71	91.33
2251097.93	90.2
2247030.58	107.95
2245355.39	93.3
2242200.18	91.58
2230694.18	81.33
2231327.28	60.62
2230618.64	58.92
2231071.55	58.88
2230937.55	59.69
2231150.77	58.28
2231901.54	58.95
2230781.27	60.42
