Instance 1
28554.02	0.05
28554.02	0.02
28554.02	0.03
28554.02	0.03
28554.02	0.03
28554.02	0.02
28554.02	0.02
28554.02	0.03
28554.02	0.02
28554.02	0.02

Instance 2
61406.22	0.11
61403.82	0.11
61405.36	0.09
61402.81	0.09
61404.51	0.11
61402.81	0.09
61403.82	0.11
61402.81	0.09
61403.82	0.11
61402.05	0.12

Instance 3
192827.89	0.52
192920.38	0.52
192822.77	0.53
193089.09	0.56
193079.39	0.53
193082.02	0.53
192872.82	0.55
192940.93	0.53
192891.79	0.52
193280.45	0.52

Instance 4
291872.9	2.17
291550.33	2.22
291501.92	4.58
291672.67	2.19
292371.68	2.17
291194.6	2.17
290969.65	2.23
291742.31	6.91
291554.65	7.0
291268.03	2.33

Instance 5
710310.9	38.25
711000.34	25.12
711185.82	25.22
710495.32	24.8
711088.82	25.59
711294.09	26.2
711282.41	24.38
710894.55	24.78
710713.08	24.2
712478.95	24.42

Instance 6
1376228.47	62.92
1375244.47	64.78
1374479.05	61.88
1374972.52	61.61
1375252.63	61.53
1375510.71	99.86
1376427.39	120.7
1374828.11	145.62
1376446.37	83.55
1375053.21	62.52

Instance 7
1908563.57	135.67
1911241.06	127.62
1909356.99	232.47
1908683.41	213.19
1909337.68	82.38
1909915.62	80.73
1908270.31	80.92
1908663.63	80.83
1910737.50	83.14
1909408.89	81.73

Instance 8
2232368.64	151.95
2233822.29	151.98
2231980.57	151.31
2232887.75	150.41
2231551.18	151.17
2232420.9	155.27
2232126.71	154.2
2232148.21	153.39
2232439.37	154.22
2231096.24	154.38

Instance 9
3528029.43	290.78
3529834.73	294.47
3526931.45	292.38
3528504.63	293.91
3528163.47	294.91
3528587.12	291.83
3529244.00	290.75
3528285.98	290.16
3528582.12	289.27
3527688.92	296.42

Instance 10
4300944.72	821.58
4297507.59	816.38
4301321.07	814.66
4296734.46	818.33
4300362.12	538.53
4299926.36	546.78
4296711.09	539.75
4298111.21	534.23
4299310.53	537.73
4297808.95	529.0

Instance 11
5606088.09	698.11
5606656.71	690.62
5607396.42	696.61
5607549.92	692.83
5604781.68	734.61
5611496.61	696.02
5603946.77	705.69
5606391.27	691.75
5611442.32	697.47
5605726.23	709.72

Instance 12
6131054.54	1374.09
6134006.77	1409.00
6130687.86	1421.44
6134101.39	1400.11
6129175.59	1395.12
6130572.45	1391.42
6140106.61	1382.59
6132592.39	1423.20
6130952.48	2054.05
6140297.25	3090.09
