   0.0 	    0.02	     0.0 	    0.0 	    0.02	    0.0 	    0.02	    0.0 	    0.0 	    0.0
   0.03	    0.02	     0.02	    0.05	    0.02	    0.02	    0.02	    0.02	    0.06	    0.06	 0.08	  
   0.33	    0.3 	     0.33	    0.33	    0.39	    0.33	    0.3 	    0.28	    0.3 	    0.48	 0.02	 0.28
   3.03	    2.86	     2.84	    2.89	    2.72	    2.8 	    2.83	    3.06	    2.67	    2.92	 0.41	 0.03	 
 116.16	  128.45	   123.7 	  128.66	  129.91	  128.55	  133.06	  133.52	  133.09	  128.17
 646.81	  678.86	   748.56	  710.08	  977.73	 1025.17	  774.86	 1030.7 	 1053.55	  513.23
1672.39	 1033.09	   985.86	 1017.84	 1043.89	  839.36	 1958.77	  732.67	  745.95	  782.64
    
3980.02	 1913.55	  2101.44	 3344.53	 2159.22	 4236.36	 2052.48	 2674.78	 2802.53	 1964.47	  
6979.64	 8071.2 	 10467.88	 8208.31	 5195.03	 7207.39	 6371.33	 4532.47	 5503.8 	     4557.2	
e